s: 0.000000
f: 0.000000
absolute_error: 0.000000
relative_error: 0.000000